00000000000000000000000000000000
11100010100000000000000000000011
11100010100000010001000011111111
11100101100000010000000000000000
11100010010000000010000000000001
11100001100100000000000000000010
00001010000000000000000000000001
11100001110000100000000000000000
11100101100100010000000000000000
11100010010000000010000000000111
11100000001000000000000000000001
11101010000000000000000000000001
11100010100000000010000000000001
11100010100000000010000000000001
11100010100000100010000000000100